Ton notes :
[17,17,29,24,23,22,20,17,20,22,15,15,29,24,23,22,20,17,20,22,14,14,29,24,23,22,20,17,20,22,13,13,29,24,23,22,20,17,20,22,17,17,29,24,23,22,20,17,20,22,15,15,29,24,23,22,20,17,20,22,14,14,29,24,23,22,20,17,20,22,13,13,29,24,23,22,20,17,20,22,20,20,20,20,20,20,17,17,20,20,20,20,22,23,22,20,17,20,22,20,20,20,20,22,23,24,27,24,29,29,29,24,29,27,34,24,24,24,24,24,24,22,22,24,24,24,24,24,22,24,29,24,22,29,24,22,20,27,22,20,19,13,15,17,20,27,1,1,1,1,1,20,17,20,22,23,22,20,17,23,22,20,22,23,24,27,24,23,22,20,17,19,20,22,24,27,28,23,23,22,20,22]


Durée notes (ms) :
[65,65,130,130,130,130,195,65,65,65,65,65,130,130,130,130,195,65,65,65,65,65,130,130,130,130,195,65,65,65,65,65,130,130,130,130,195,65,65,65,65,65,130,130,130,130,195,65,65,65,65,65,130,130,130,130,195,65,65,65,65,65,130,130,130,130,195,65,65,65,65,65,130,130,130,130,195,65,65,65,195,65,65,65,195,195,195,260,195,65,65,65,195,195,65,65,65,65,130,195,65,65,65,195,195,195,195,260,195,195,65,65,65,455,520,195,65,65,65,195,195,195,260,195,65,65,65,195,195,195,195,65,195,195,195,195,195,195,195,195,195,195,195,65,195,1040,195,195,65,195,65,65,65,65,65,65,65,65,65,65,65,195,1040,195,65,195,65,65,65,65,65,65,195,195,195,195,195,195,65,65,65,1170]


Pause après notes (ms) :
[65,65,130,260,130,130,65,65,65,65,65,65,130,260,130,130,65,65,65,65,65,65,130,260,130,130,65,65,65,65,65,65,130,260,130,130,65,65,65,65,65,65,130,260,130,130,65,65,65,65,65,65,130,260,130,130,65,65,65,65,65,65,130,260,130,130,65,65,65,65,65,65,130,260,130,130,65,65,65,65,65,65,65,65,65,65,65,390,65,65,65,65,65,65,65,65,65,65,260,65,65,65,65,65,65,65,65,130,65,65,65,65,65,65,230,65,65,65,65,65,65,65,390,65,65,65,65,65,65,65,65,65,65,65,65,65,65,65,65,65,65,65,65,65,65,65,65,65,65,65,65,65,65,65,65,65,65,65,65,65,65,65,130,65,65,65,65,65,65,65,65,65,65,65,65,65,65,65,65,65,65,65]

